25 157
1 2
1 4
1 5
1 6
1 7
1 8
1 9
1 11
1 12
1 13
1 14
1 15
1 19
1 21
1 22
1 24
2 3
2 4
2 5
2 9
2 10
2 11
2 13
2 15
2 17
2 19
2 20
2 21
2 25
3 4
3 6
3 11
3 12
3 13
3 15
3 17
3 20
3 21
3 22
3 23
4 6
4 7
4 9
4 10
4 15
4 17
4 18
4 20
4 21
4 22
4 25
5 7
5 8
5 9
5 10
5 13
5 14
5 15
5 16
5 17
5 18
5 24
5 25
6 8
6 9
6 11
6 14
6 16
6 17
6 21
6 22
6 23
7 8
7 9
7 10
7 11
7 12
7 16
7 17
7 18
7 24
7 25
8 12
8 14
8 15
8 17
8 18
8 19
8 20
9 11
9 12
9 15
9 16
9 17
9 20
9 22
9 25
10 11
10 14
10 16
10 17
10 21
10 22
10 25
11 13
11 15
11 16
11 17
11 18
11 22
11 25
12 14
12 20
12 21
12 24
13 14
13 17
13 18
13 22
13 23
13 24
13 25
14 16
14 17
14 18
14 19
14 20
14 22
14 24
14 25
15 16
15 18
15 19
15 20
15 21
15 24
16 17
16 21
16 22
16 23
16 24
16 25
17 20
17 23
17 24
17 25
18 19
18 21
18 22
19 20
19 21
19 23
20 21
20 22
21 23
22 23
22 24
