25 121
1 2
1 4
1 9
1 10
1 11
1 13
1 14
1 15
1 18
1 19
1 21
1 23
1 25
2 3
2 5
2 11
2 12
2 13
2 16
2 18
2 20
2 22
2 24
3 5
3 8
3 9
3 12
3 14
3 15
3 17
3 19
3 20
3 22
4 6
4 8
4 12
4 13
4 14
4 20
4 21
4 23
5 11
5 15
5 17
5 18
5 23
5 24
5 25
6 8
6 11
6 13
6 16
6 17
6 18
6 19
6 23
6 24
7 8
7 11
7 15
7 24
7 25
8 13
8 14
8 15
8 17
8 18
8 19
8 21
9 10
9 14
9 16
9 18
9 19
9 22
10 15
10 16
10 18
10 20
10 25
11 15
11 16
11 17
11 20
12 18
12 22
12 24
12 25
13 17
13 25
14 15
14 16
14 18
14 20
14 21
14 23
14 25
15 17
15 19
15 22
15 23
15 24
16 18
16 22
16 23
16 24
17 21
18 19
18 20
18 21
18 23
19 20
20 21
20 22
20 23
20 25
21 24
22 23
22 24
22 25
24 25
