24 128
1 2
1 7
1 8
1 9
1 10
1 11
1 12
1 16
1 18
1 19
1 24
2 4
2 5
2 7
2 8
2 9
2 18
2 23
2 24
3 6
3 10
3 11
3 13
3 14
3 17
3 19
4 6
4 7
4 8
4 9
4 11
4 13
4 14
4 19
4 21
4 22
4 23
5 6
5 7
5 8
5 11
5 12
5 16
5 17
5 21
5 24
6 8
6 9
6 12
6 14
6 15
6 16
6 18
6 19
6 20
6 21
6 22
6 23
7 9
7 10
7 19
7 21
7 22
7 23
8 9
8 10
8 12
8 13
8 15
8 16
8 20
8 21
8 23
8 24
9 10
9 12
9 13
9 14
9 15
9 16
9 17
9 21
9 22
10 12
10 13
10 16
10 20
10 24
11 12
11 15
11 16
11 17
11 18
11 22
11 24
12 18
12 24
13 15
13 17
13 19
13 20
14 15
14 20
14 21
14 22
14 23
14 24
15 16
15 17
15 18
15 24
16 17
16 18
16 20
16 24
17 18
17 19
17 20
17 21
17 24
18 21
18 24
19 22
19 23
20 23
21 22
21 24
23 24
