30 103 503
1 2
1 3
1 4
1 11
1 12
2 3
2 4
2 11
2 12
3 4
3 5
3 6
3 13
3 14
4 5
4 6
4 13
4 14
5 6
5 7
5 8
5 15
5 16
6 7
6 8
6 15
6 16
7 8
7 9
7 10
7 17
7 18
8 9
8 10
8 17
8 18
9 10
9 19
9 20
10 19
10 20
11 12
11 13
11 14
11 21
11 22
12 13
12 14
12 21
12 22
13 14
13 15
13 16
13 23
13 24
14 15
14 16
14 23
14 24
15 16
15 17
15 18
15 25
15 26
16 17
16 18
16 25
16 26
17 18
17 19
17 20
17 27
17 28
18 19
18 20
18 27
18 28
19 20
19 29
19 30
20 29
20 30
21 22
21 23
21 24
22 23
22 24
23 24
23 25
23 26
24 26
24 25
25 26
25 27
25 28
26 27
26 28
27 28
27 29
27 30
28 30
28 29
29 30
