274 669
1 3
1 4
1 12
1 73
1 131
1 156
1 162
1 207
1 263
2 11
2 30
2 43
2 55
2 79
2 80
2 200
5 125
5 136
5 196
5 250
6 7
6 15
6 132
6 141
6 151
6 206
6 221
7 144
8 23
8 25
8 31
8 98
8 135
8 151
8 211
9 20
9 23
9 26
9 98
9 101
9 113
9 129
9 198
9 274
10 35
10 174
10 204
11 25
11 30
11 36
11 43
11 55
11 60
11 82
11 184
11 187
11 188
11 200
11 211
11 229
11 273
12 73
12 116
12 131
12 156
12 162
12 207
12 218
12 263
13 47
13 48
13 69
13 106
13 113
13 126
13 129
13 135
13 183
13 198
13 266
14 46
14 68
14 88
14 160
14 171
14 195
14 209
14 243
14 247
15 16
15 149
15 151
15 206
15 216
15 221
15 226
16 17
16 57
16 58
16 59
16 149
16 151
16 161
16 206
16 226
16 251
17 121
18 131
18 142
18 156
18 193
18 242
18 264
19 21
19 72
19 87
19 99
19 208
20 26
20 42
20 101
20 113
20 274
21 72
21 87
21 99
21 101
21 185
21 208
21 274
22 214
22 251
23 25
23 31
23 98
23 135
23 151
23 206
23 211
23 258
24 25
25 60
25 98
25 211
26 42
26 101
26 109
26 113
27 61
27 268
28 197
28 234
29 145
29 182
29 247
29 256
30 36
30 43
30 55
30 187
30 200
30 229
30 273
31 68
31 80
31 92
31 98
31 211
31 260
32 222
32 237
32 238
32 242
33 62
33 110
33 146
33 181
33 201
33 204
33 231
34 196
35 174
35 204
36 43
36 55
36 60
36 82
36 229
36 273
37 38
38 39
38 48
38 53
38 56
38 143
38 168
38 213
38 215
39 40
39 49
39 168
39 228
41 42
43 55
43 187
43 200
43 229
43 273
44 62
44 86
44 99
44 185
44 187
44 188
44 190
44 231
44 241
45 122
45 272
46 68
46 209
46 217
46 225
46 243
46 247
46 256
47 48
47 50
47 198
48 49
48 51
48 53
48 136
48 161
48 189
48 213
48 258
49 52
49 104
49 205
53 54
53 56
53 136
53 143
53 168
53 189
53 213
53 215
53 245
53 258
54 205
55 79
55 92
55 200
55 260
55 273
56 118
56 143
56 168
56 213
56 215
60 82
60 184
60 188
60 211
60 229
60 274
61 122
62 110
62 146
62 181
62 190
62 201
62 231
63 64
63 75
63 154
63 162
63 269
64 165
64 224
65 66
65 67
65 88
65 160
68 92
68 209
68 243
68 247
69 106
69 114
69 135
69 198
70 130
70 134
70 261
71 123
71 140
71 148
71 154
71 164
71 165
72 87
72 99
72 185
72 208
72 231
73 131
73 156
73 207
73 263
74 218
74 233
75 162
76 79
77 80
78 81
79 80
79 92
80 81
80 92
80 93
80 154
80 269
81 164
82 211
82 229
82 274
83 84
83 163
83 264
85 130
85 134
85 180
85 270
86 99
86 181
86 185
86 187
86 188
86 190
86 231
87 99
87 208
88 137
88 160
88 171
88 195
89 90
90 257
91 246
91 271
92 93
93 94
93 147
93 154
93 269
95 96
96 97
96 271
98 211
99 169
99 181
99 185
99 188
99 190
99 208
99 231
99 253
100 121
100 141
100 216
101 113
101 129
101 274
102 199
102 256
103 104
104 121
104 139
104 194
104 259
105 235
105 237
106 113
106 135
106 138
106 198
107 227
107 241
108 238
108 240
109 114
110 146
110 190
110 201
110 204
110 227
110 230
110 231
111 154
112 154
113 114
113 129
113 135
113 198
115 147
115 235
115 262
116 218
116 263
117 243
118 126
118 127
118 155
118 183
119 261
119 268
120 121
121 144
121 194
121 255
123 124
123 176
125 192
125 214
125 226
125 250
125 251
126 127
126 155
126 183
126 266
126 271
127 155
127 271
128 232
129 198
130 180
130 270
131 142
131 156
131 193
131 207
131 240
131 242
131 263
131 264
132 144
133 138
133 139
134 197
134 272
135 151
135 198
135 206
135 258
136 189
136 214
136 250
137 160
137 173
137 195
137 247
137 248
139 255
140 154
140 163
140 165
140 262
140 264
141 206
141 217
142 156
142 193
142 242
142 264
143 168
143 205
143 213
143 215
144 192
144 221
145 182
145 247
145 256
146 181
146 190
146 227
146 231
146 241
147 148
147 154
147 235
147 262
147 269
148 176
148 262
149 150
149 226
149 251
150 194
151 152
151 153
151 161
151 206
151 214
151 221
151 258
152 161
154 269
155 183
156 162
156 193
156 207
156 242
156 263
156 264
157 173
157 182
157 195
157 248
158 159
159 175
160 171
160 195
160 264
161 202
161 213
161 258
162 163
162 218
162 263
163 224
164 176
164 269
165 166
165 167
168 205
168 213
168 215
169 208
169 253
170 248
170 257
171 195
172 173
173 182
173 195
174 204
174 253
175 183
176 177
176 178
176 179
180 227
180 234
180 270
181 185
181 190
181 231
181 253
182 195
182 199
182 247
182 256
183 266
184 185
184 188
184 211
184 229
184 274
185 186
185 187
185 188
185 190
185 231
185 253
187 188
187 190
187 229
188 190
188 229
188 231
189 196
189 213
190 191
190 231
190 241
192 194
193 242
193 264
194 252
195 247
196 205
199 203
199 247
199 256
200 273
201 231
201 253
204 253
205 228
205 245
205 259
206 216
207 263
208 253
209 243
209 247
210 244
210 248
211 260
211 274
212 213
213 215
213 228
213 258
213 267
214 226
214 250
214 251
217 244
218 219
218 220
218 233
218 263
222 237
222 238
222 242
223 237
224 263
225 247
226 250
226 251
227 230
227 234
227 270
229 273
231 253
232 246
234 270
235 236
235 237
235 240
235 262
236 240
236 262
237 238
237 242
238 239
238 240
238 242
239 262
242 264
243 244
243 247
244 248
244 257
247 248
247 256
249 250
250 251
251 252
253 254
256 257
258 259
258 265
260 273
