118 179
1 2
2 3
3 6
3 118
4 5
4 6
5 14
5 116
6 115
6 117
7 8
7 14
8 9
9 13
9 117
10 13
10 117
11 12
11 14
12 13
13 14
13 116
15 16
15 26
16 17
17 26
17 118
18 19
18 26
19 118
20 26
21 26
21 117
22 26
22 109
23 25
23 109
24 25
24 118
25 26
25 118
27 36
27 112
28 31
28 36
28 111
28 115
29 31
29 108
30 31
31 110
32 35
32 111
33 34
33 35
33 112
34 35
34 36
34 112
35 111
37 38
37 40
38 40
38 53
39 40
39 114
40 114
41 42
41 53
42 43
42 113
43 53
43 110
44 45
44 53
45 52
46 47
46 52
47 49
47 53
48 51
48 52
48 112
49 50
50 51
51 52
51 53
51 112
52 112
53 110
53 111
53 113
54 56
55 59
55 75
56 57
56 59
57 58
58 59
58 116
59 75
59 110
60 61
60 75
61 65
62 63
62 65
63 108
64 65
64 74
64 107
65 75
65 108
65 110
66 67
66 73
67 106
68 72
68 74
69 72
69 73
70 71
70 72
72 73
72 74
73 106
75 110
76 78
76 107
77 78
77 106
78 93
78 106
78 107
79 93
79 108
80 93
80 108
81 82
81 93
82 106
83 92
84 92
85 91
85 92
86 87
86 90
86 93
87 90
87 92
87 93
88 89
88 90
88 93
89 90
90 91
93 106
94 95
94 97
95 98
96 97
96 117
97 103
97 109
98 116
99 100
99 103
100 113
101 102
101 103
102 114
103 114
104 109
104 114
105 107
105 108
107 108
109 117
114 115
