48 176
1 5
1 6
1 7
1 11
1 19
1 25
1 30
2 4
2 6
2 8
2 10
2 20
2 24
2 26
3 4
3 5
3 9
3 21
3 23
3 27
3 28
4 8
4 10
4 22
4 27
4 28
5 7
5 11
5 21
5 23
5 29
6 12
6 20
6 24
6 25
6 30
7 11
7 12
7 13
7 31
7 36
8 10
8 12
8 14
8 18
8 32
9 10
9 11
9 15
9 17
9 33
9 34
10 16
10 33
10 34
11 15
11 17
11 35
12 14
12 18
12 31
12 36
13 17
13 18
13 19
13 23
13 37
13 42
13 43
13 47
13 48
14 15
14 16
14 18
14 20
14 22
14 38
14 44
14 45
14 46
15 16
15 17
15 21
15 39
15 40
15 44
15 45
15 46
16 20
16 22
16 39
16 40
16 44
16 45
16 46
17 18
17 19
17 23
17 41
17 43
17 47
17 48
18 24
18 37
18 42
18 43
18 47
18 48
19 23
19 24
19 43
19 48
20 22
20 24
20 44
21 22
21 23
21 45
21 46
22 45
22 46
23 47
24 43
24 48
25 29
25 30
25 31
25 35
26 28
26 32
26 34
27 28
27 33
28 32
28 34
29 31
29 35
30 36
31 35
31 36
31 37
32 34
32 36
32 38
32 42
33 34
33 35
33 39
33 41
34 40
35 39
35 41
36 38
36 42
37 41
37 42
37 43
37 47
38 40
38 42
38 44
38 46
39 40
39 41
39 45
40 44
40 46
41 43
41 47
42 48
43 47
43 48
44 45
44 46
45 46
47 48
