200 298
1 2
1 101
2 3
2 102
3 4
3 103
4 5
4 104
5 6
5 105
6 7
6 106
7 8
7 107
8 9
8 108
9 10
9 109
10 11
10 110
11 12
11 111
12 13
12 112
13 14
13 113
14 15
14 114
15 16
15 115
16 17
16 116
17 18
17 117
18 19
18 118
19 20
19 119
20 21
20 120
21 22
21 121
22 23
22 122
23 24
23 123
24 25
24 124
25 26
25 125
26 27
26 126
27 28
27 127
28 29
28 128
29 30
29 129
30 31
30 130
31 32
31 131
32 33
32 132
33 34
33 133
34 35
34 134
35 36
35 135
36 37
36 136
37 38
37 137
38 39
38 138
39 40
39 139
40 41
40 140
41 42
41 141
42 43
42 142
43 44
43 143
44 45
44 144
45 46
45 145
46 47
46 146
47 48
47 147
48 49
48 148
49 50
49 149
50 51
50 150
51 52
51 151
52 53
52 152
53 54
53 153
54 55
54 154
55 56
55 155
56 57
56 156
57 58
57 157
58 59
58 158
59 60
59 159
60 61
60 160
61 62
61 161
62 63
62 162
63 64
63 163
64 65
64 164
65 66
65 165
66 67
66 166
67 68
67 167
68 69
68 168
69 70
69 169
70 71
70 170
71 72
71 171
72 73
72 172
73 74
73 173
74 75
74 174
75 76
75 175
76 77
76 176
77 78
77 177
78 79
78 178
79 80
79 179
80 81
80 180
81 82
81 181
82 83
82 182
83 84
83 183
84 85
84 184
85 86
85 185
86 87
86 186
87 88
87 187
88 89
88 188
89 90
89 189
90 91
90 190
91 92
91 191
92 93
92 192
93 94
93 193
94 95
94 194
95 96
95 195
96 97
96 196
97 98
97 197
98 99
98 198
99 100
99 199
100 200
101 102
102 103
103 104
104 105
105 106
106 107
107 108
108 109
109 110
110 111
111 112
112 113
113 114
114 115
115 116
116 117
117 118
118 119
119 120
120 121
121 122
122 123
123 124
124 125
125 126
126 127
127 128
128 129
129 130
130 131
131 132
132 133
133 134
134 135
135 136
136 137
137 138
138 139
139 140
140 141
141 142
142 143
143 144
144 145
145 146
146 147
147 148
148 149
149 150
150 151
151 152
152 153
153 154
154 155
155 156
156 157
157 158
158 159
159 160
160 161
161 162
162 163
163 164
164 165
165 166
166 167
167 168
168 169
169 170
170 171
171 172
172 173
173 174
174 175
175 176
176 177
177 178
178 179
179 180
180 181
181 182
182 183
183 184
184 185
185 186
186 187
187 188
188 189
189 190
190 191
191 192
192 193
193 194
194 195
195 196
196 197
197 198
198 199
199 200
