161 608
1 2
1 16
1 17
1 18
1 32
1 65
1 66
1 80
2 3
2 17
2 18
2 19
2 65
2 66
2 67
3 4
3 18
3 19
3 20
3 66
3 67
3 68
4 5
4 19
4 20
4 21
4 67
4 68
4 69
5 6
5 20
5 21
5 22
5 68
5 69
5 70
6 7
6 21
6 22
6 23
6 69
6 70
6 71
7 8
7 22
7 23
7 24
7 70
7 71
7 72
8 9
8 23
8 24
8 25
8 71
8 72
8 73
9 10
9 24
9 25
9 26
9 72
9 73
9 74
10 11
10 25
10 26
10 27
10 73
10 74
10 75
11 12
11 26
11 27
11 28
11 74
11 75
11 76
12 13
12 27
12 28
12 29
12 75
12 76
12 77
13 14
13 28
13 29
13 30
13 76
13 77
13 78
14 15
14 29
14 30
14 31
14 77
14 78
14 79
15 16
15 30
15 31
15 32
15 78
15 79
15 80
16 17
16 31
16 32
16 65
16 79
16 80
17 18
17 32
17 33
17 34
17 48
18 19
18 33
18 34
18 35
19 20
19 34
19 35
19 36
20 21
20 35
20 36
20 37
21 22
21 36
21 37
21 38
22 23
22 37
22 38
22 39
23 24
23 38
23 39
23 40
24 25
24 39
24 40
24 41
25 26
25 40
25 41
25 42
26 27
26 41
26 42
26 43
27 28
27 42
27 43
27 44
28 29
28 43
28 44
28 45
29 30
29 44
29 45
29 46
30 31
30 45
30 46
30 47
31 32
31 46
31 47
31 48
32 33
32 47
32 48
33 34
33 48
33 49
33 50
33 64
34 35
34 49
34 50
34 51
35 36
35 50
35 51
35 52
36 37
36 51
36 52
36 53
37 38
37 52
37 53
37 54
38 39
38 53
38 54
38 55
39 40
39 54
39 55
39 56
40 41
40 55
40 56
40 57
41 42
41 56
41 57
41 58
42 43
42 57
42 58
42 59
43 44
43 58
43 59
43 60
44 45
44 59
44 60
44 61
45 46
45 60
45 61
45 62
46 47
46 61
46 62
46 63
47 48
47 62
47 63
47 64
48 49
48 63
48 64
49 50
49 64
50 51
51 52
52 53
53 54
54 55
55 56
56 57
57 58
58 59
59 60
60 61
61 62
62 63
63 64
65 66
65 80
65 81
65 82
65 96
66 67
66 81
66 82
66 83
67 68
67 82
67 83
67 84
68 69
68 83
68 84
68 85
69 70
69 84
69 85
69 86
70 71
70 85
70 86
70 87
71 72
71 86
71 87
71 88
72 73
72 87
72 88
72 89
73 74
73 88
73 89
73 90
74 75
74 89
74 90
74 91
75 76
75 90
75 91
75 92
76 77
76 91
76 92
76 93
77 78
77 92
77 93
77 94
78 79
78 93
78 94
78 95
79 80
79 94
79 95
79 96
80 81
80 95
80 96
81 82
81 96
81 97
81 98
81 112
82 83
82 97
82 98
82 99
83 84
83 98
83 99
83 100
84 85
84 99
84 100
84 101
85 86
85 100
85 101
85 102
86 87
86 101
86 102
86 103
87 88
87 102
87 103
87 104
88 89
88 103
88 104
88 105
89 90
89 104
89 105
89 106
90 91
90 105
90 106
90 107
91 92
91 106
91 107
91 108
92 93
92 107
92 108
92 109
93 94
93 108
93 109
93 110
94 95
94 109
94 110
94 111
95 96
95 110
95 111
95 112
96 97
96 111
96 112
97 98
97 112
97 113
97 114
97 128
98 99
98 113
98 114
98 115
99 100
99 114
99 115
99 116
100 101
100 115
100 116
100 117
101 102
101 116
101 117
101 118
102 103
102 117
102 118
102 119
103 104
103 118
103 119
103 120
104 105
104 119
104 120
104 121
105 106
105 120
105 121
105 122
106 107
106 121
106 122
106 123
107 108
107 122
107 123
107 124
108 109
108 123
108 124
108 125
109 110
109 124
109 125
109 126
110 111
110 125
110 126
110 127
111 112
111 126
111 127
111 128
112 113
112 127
112 128
113 114
113 128
113 129
113 130
113 144
114 115
114 129
114 130
114 131
115 116
115 130
115 131
115 132
116 117
116 131
116 132
116 133
117 118
117 132
117 133
117 134
118 119
118 133
118 134
118 135
119 120
119 134
119 135
119 136
120 121
120 135
120 136
120 137
121 122
121 136
121 137
121 138
122 123
122 137
122 138
122 139
123 124
123 138
123 139
123 140
124 125
124 139
124 140
124 141
125 126
125 140
125 141
125 142
126 127
126 141
126 142
126 143
127 128
127 142
127 143
127 144
128 129
128 143
128 144
129 130
129 144
129 145
129 146
129 160
130 131
130 145
130 146
130 147
131 132
131 146
131 147
131 148
132 133
132 147
132 148
132 149
133 134
133 148
133 149
133 150
134 135
134 149
134 150
134 151
135 136
135 150
135 151
135 152
136 137
136 151
136 152
136 153
137 138
137 152
137 153
137 154
138 139
138 153
138 154
138 155
139 140
139 154
139 155
139 156
140 141
140 155
140 156
140 157
141 142
141 156
141 157
141 158
142 143
142 157
142 158
142 159
143 144
143 158
143 159
143 160
144 145
144 159
144 160
145 146
145 160
145 161
146 147
146 161
147 148
147 161
148 149
148 161
149 150
149 161
150 151
150 161
151 152
151 161
152 153
152 161
153 154
153 161
154 155
154 161
155 156
155 161
156 157
156 161
157 158
157 161
158 159
158 161
159 160
159 161
160 161
