229 774
1 2
1 24
1 25
1 26
1 48
1 73
1 74
1 96
2 3
2 25
2 26
2 27
2 73
2 74
2 75
3 4
3 26
3 27
3 28
3 74
3 75
3 76
3 151
3 175
4 5
4 27
4 28
4 29
4 75
4 76
4 77
5 6
5 28
5 29
5 30
5 76
5 77
5 78
6 7
6 29
6 30
6 31
6 77
6 78
6 79
7 8
7 30
7 31
7 32
7 78
7 79
7 80
7 152
7 176
8 9
8 31
8 32
8 33
8 79
8 80
8 81
9 10
9 32
9 33
9 34
9 80
9 81
9 82
10 11
10 33
10 34
10 35
10 81
10 82
10 83
11 12
11 34
11 35
11 36
11 82
11 83
11 84
11 153
11 177
12 13
12 35
12 36
12 37
12 83
12 84
12 85
13 14
13 36
13 37
13 38
13 84
13 85
13 86
14 15
14 37
14 38
14 39
14 85
14 86
14 87
15 16
15 38
15 39
15 40
15 86
15 87
15 88
15 154
15 178
16 17
16 39
16 40
16 41
16 87
16 88
16 89
17 18
17 40
17 41
17 42
17 88
17 89
17 90
18 19
18 41
18 42
18 43
18 89
18 90
18 91
19 20
19 42
19 43
19 44
19 90
19 91
19 92
19 155
19 179
20 21
20 43
20 44
20 45
20 91
20 92
20 93
21 22
21 44
21 45
21 46
21 92
21 93
21 94
22 23
22 45
22 46
22 47
22 93
22 94
22 95
23 24
23 46
23 47
23 48
23 94
23 95
23 96
23 156
23 180
24 25
24 47
24 48
24 73
24 95
24 96
25 26
25 48
25 49
25 50
25 72
26 27
26 49
26 50
26 51
27 28
27 50
27 51
27 52
28 29
28 51
28 52
28 53
29 30
29 52
29 53
29 54
30 31
30 53
30 54
30 55
31 32
31 54
31 55
31 56
32 33
32 55
32 56
32 57
33 34
33 56
33 57
33 58
34 35
34 57
34 58
34 59
35 36
35 58
35 59
35 60
36 37
36 59
36 60
36 61
37 38
37 60
37 61
37 62
38 39
38 61
38 62
38 63
39 40
39 62
39 63
39 64
40 41
40 63
40 64
40 65
41 42
41 64
41 65
41 66
42 43
42 65
42 66
42 67
43 44
43 66
43 67
43 68
44 45
44 67
44 68
44 69
45 46
45 68
45 69
45 70
46 47
46 69
46 70
46 71
47 48
47 70
47 71
47 72
48 49
48 71
48 72
49 50
49 72
50 51
51 52
52 53
53 54
54 55
55 56
56 57
57 58
58 59
59 60
60 61
61 62
62 63
63 64
64 65
65 66
66 67
67 68
68 69
69 70
70 71
71 72
73 74
73 96
73 97
73 98
73 120
74 75
74 97
74 98
74 99
75 76
75 98
75 99
75 100
76 77
76 99
76 100
76 101
77 78
77 100
77 101
77 102
78 79
78 101
78 102
78 103
79 80
79 102
79 103
79 104
80 81
80 103
80 104
80 105
81 82
81 104
81 105
81 106
82 83
82 105
82 106
82 107
83 84
83 106
83 107
83 108
84 85
84 107
84 108
84 109
85 86
85 108
85 109
85 110
86 87
86 109
86 110
86 111
87 88
87 110
87 111
87 112
88 89
88 111
88 112
88 113
89 90
89 112
89 113
89 114
90 91
90 113
90 114
90 115
91 92
91 114
91 115
91 116
92 93
92 115
92 116
92 117
93 94
93 116
93 117
93 118
94 95
94 117
94 118
94 119
95 96
95 118
95 119
95 120
96 97
96 119
96 120
97 98
97 120
97 121
97 122
97 144
97 145
97 164
98 99
98 121
98 122
98 123
99 100
99 122
99 123
99 124
100 101
100 123
100 124
100 125
101 102
101 124
101 125
101 126
101 146
101 166
102 103
102 125
102 126
102 127
103 104
103 126
103 127
103 128
104 105
104 127
104 128
104 129
105 106
105 128
105 129
105 130
105 147
105 168
106 107
106 129
106 130
106 131
107 108
107 130
107 131
107 132
108 109
108 131
108 132
108 133
109 110
109 132
109 133
109 134
109 148
109 170
110 111
110 133
110 134
110 135
111 112
111 134
111 135
111 136
112 113
112 135
112 136
112 137
113 114
113 136
113 137
113 138
113 149
113 172
114 115
114 137
114 138
114 139
115 116
115 138
115 139
115 140
116 117
116 139
116 140
116 141
117 118
117 140
117 141
117 142
117 150
117 174
118 119
118 141
118 142
118 143
119 120
119 142
119 143
119 144
120 121
120 143
120 144
121 122
121 144
121 181
121 182
121 204
122 123
122 181
122 182
122 183
123 124
123 182
123 183
123 184
124 125
124 183
124 184
124 185
125 126
125 184
125 185
125 186
126 127
126 185
126 186
126 187
127 128
127 186
127 187
127 188
128 129
128 187
128 188
128 189
129 130
129 188
129 189
129 190
130 131
130 189
130 190
130 191
131 132
131 190
131 191
131 192
132 133
132 191
132 192
132 193
133 134
133 192
133 193
133 194
134 135
134 193
134 194
134 195
135 136
135 194
135 195
135 196
136 137
136 195
136 196
136 197
137 138
137 196
137 197
137 198
138 139
138 197
138 198
138 199
139 140
139 198
139 199
139 200
140 141
140 199
140 200
140 201
141 142
141 200
141 201
141 202
142 143
142 201
142 202
142 203
143 144
143 202
143 203
143 204
144 181
144 203
144 204
145 164
146 166
147 168
148 170
149 172
150 174
151 175
152 176
153 177
154 178
155 179
156 180
157 164
157 165
157 166
157 175
158 166
158 167
158 168
158 176
159 168
159 169
159 170
159 177
160 170
160 171
160 172
160 178
161 172
161 173
161 174
161 179
162 163
162 164
162 174
162 180
163 164
165 166
167 168
169 170
171 172
173 174
181 182
181 204
181 205
181 206
181 228
182 183
182 205
182 206
182 207
183 184
183 206
183 207
183 208
184 185
184 207
184 208
184 209
185 186
185 208
185 209
185 210
186 187
186 209
186 210
186 211
187 188
187 210
187 211
187 212
188 189
188 211
188 212
188 213
189 190
189 212
189 213
189 214
190 191
190 213
190 214
190 215
191 192
191 214
191 215
191 216
192 193
192 215
192 216
192 217
193 194
193 216
193 217
193 218
194 195
194 217
194 218
194 219
195 196
195 218
195 219
195 220
196 197
196 219
196 220
196 221
197 198
197 220
197 221
197 222
198 199
198 221
198 222
198 223
199 200
199 222
199 223
199 224
200 201
200 223
200 224
200 225
201 202
201 224
201 225
201 226
202 203
202 225
202 226
202 227
203 204
203 226
203 227
203 228
204 205
204 227
204 228
205 206
205 228
205 229
206 207
207 208
207 229
208 209
209 210
209 229
210 211
211 212
211 229
212 213
213 214
213 229
214 215
215 216
215 229
216 217
217 218
217 229
218 219
219 220
219 229
220 221
221 222
221 229
222 223
223 224
223 229
224 225
225 226
225 229
226 227
227 228
227 229
