187 652
1 2
1 32
1 33
1 34
1 64
2 3
2 33
2 34
2 35
3 4
3 34
3 35
3 36
4 5
4 35
4 36
4 37
5 6
5 36
5 37
5 38
6 7
6 37
6 38
6 39
7 8
7 38
7 39
7 40
8 9
8 39
8 40
8 41
9 10
9 40
9 41
9 42
10 11
10 41
10 42
10 43
11 12
11 42
11 43
11 44
12 13
12 43
12 44
12 45
13 14
13 44
13 45
13 46
14 15
14 45
14 46
14 47
15 16
15 46
15 47
15 48
15 49
16 17
16 47
16 48
16 49
17 18
17 48
17 49
17 50
18 19
18 49
18 50
18 51
19 20
19 50
19 51
19 52
20 21
20 51
20 52
20 53
21 22
21 52
21 53
21 54
22 23
22 53
22 54
22 55
23 24
23 54
23 55
23 56
24 25
24 55
24 56
24 57
25 26
25 56
25 57
25 58
26 27
26 57
26 58
26 59
27 28
27 58
27 59
27 60
28 29
28 59
28 60
28 61
29 30
29 60
29 61
29 62
30 31
30 61
30 62
30 63
31 32
31 62
31 63
31 64
32 33
32 63
32 64
33 34
33 64
33 65
33 66
33 96
34 35
34 65
34 66
34 67
35 36
35 66
35 67
35 68
36 37
36 67
36 68
36 69
37 38
37 68
37 69
37 70
38 39
38 69
38 70
38 71
39 40
39 70
39 71
39 72
40 41
40 71
40 72
40 73
41 42
41 72
41 73
41 74
42 43
42 73
42 74
42 75
43 44
43 74
43 75
43 76
44 45
44 75
44 76
44 77
45 46
45 76
45 77
45 78
46 47
46 77
46 78
46 79
47 48
47 78
47 79
47 80
48 49
48 79
48 80
48 81
49 50
49 80
49 81
49 82
50 51
50 81
50 82
50 83
51 52
51 82
51 83
51 84
52 53
52 83
52 84
52 85
53 54
53 84
53 85
53 86
54 55
54 85
54 86
54 87
55 56
55 86
55 87
55 88
56 57
56 87
56 88
56 89
57 58
57 88
57 89
57 90
58 59
58 89
58 90
58 91
59 60
59 90
59 91
59 92
60 61
60 91
60 92
60 93
61 62
61 92
61 93
61 94
62 63
62 93
62 94
62 95
63 64
63 94
63 95
63 96
64 65
64 95
64 96
65 66
65 96
65 97
65 98
65 128
66 67
66 97
66 98
66 99
67 68
67 98
67 99
67 100
68 69
68 99
68 100
68 101
69 70
69 100
69 101
69 102
70 71
70 101
70 102
70 103
71 72
71 102
71 103
71 104
72 73
72 103
72 104
72 105
73 74
73 104
73 105
73 106
74 75
74 105
74 106
74 107
75 76
75 106
75 107
75 108
76 77
76 107
76 108
76 109
77 78
77 108
77 109
77 110
78 79
78 109
78 110
78 111
79 80
79 110
79 111
79 112
80 81
80 111
80 112
80 113
81 82
81 112
81 113
81 114
82 83
82 113
82 114
82 115
83 84
83 114
83 115
83 116
84 85
84 115
84 116
84 117
85 86
85 116
85 117
85 118
86 87
86 117
86 118
86 119
87 88
87 118
87 119
87 120
88 89
88 119
88 120
88 121
89 90
89 120
89 121
89 122
90 91
90 121
90 122
90 123
91 92
91 122
91 123
91 124
92 93
92 123
92 124
92 125
93 94
93 124
93 125
93 126
94 95
94 125
94 126
94 127
95 96
95 126
95 127
95 128
96 97
96 127
96 128
97 98
97 128
97 129
97 130
97 160
98 99
98 129
98 130
98 131
99 100
99 130
99 131
99 132
100 101
100 131
100 132
100 133
101 102
101 132
101 133
101 134
102 103
102 133
102 134
102 135
103 104
103 134
103 135
103 136
104 105
104 135
104 136
104 137
105 106
105 136
105 137
105 138
106 107
106 137
106 138
106 139
107 108
107 138
107 139
107 140
108 109
108 139
108 140
108 141
109 110
109 140
109 141
109 142
110 111
110 141
110 142
110 143
111 112
111 142
111 143
111 144
112 113
112 143
112 144
112 145
113 114
113 144
113 145
113 146
114 115
114 145
114 146
114 147
115 116
115 146
115 147
115 148
116 117
116 147
116 148
116 149
117 118
117 148
117 149
117 150
118 119
118 149
118 150
118 151
119 120
119 150
119 151
119 152
120 121
120 151
120 152
120 153
121 122
121 152
121 153
121 154
122 123
122 153
122 154
122 155
123 124
123 154
123 155
123 156
124 125
124 155
124 156
124 157
125 126
125 156
125 157
125 158
126 127
126 157
126 158
126 159
127 128
127 158
127 159
127 160
128 129
128 159
128 160
129 130
129 160
130 131
131 132
131 161
132 133
132 161
132 162
133 134
133 161
133 162
133 163
134 135
134 162
134 163
134 164
135 136
135 163
135 164
135 165
136 137
136 164
136 165
136 166
137 138
137 165
137 166
137 167
138 139
138 166
138 167
138 168
139 140
139 167
139 168
139 169
140 141
140 168
140 169
140 170
141 142
141 169
141 170
141 171
142 143
142 170
142 171
142 172
143 144
143 171
143 172
143 173
144 145
144 172
144 173
144 174
145 146
145 173
145 174
145 175
146 147
146 174
146 175
146 176
147 148
147 175
147 176
147 177
148 149
148 176
148 177
148 178
149 150
149 177
149 178
149 179
150 151
150 178
150 179
150 180
151 152
151 179
151 180
151 181
152 153
152 180
152 181
152 182
153 154
153 181
153 182
153 183
154 155
154 182
154 183
154 184
155 156
155 183
155 184
155 185
156 157
156 184
156 185
156 186
157 158
157 185
157 186
157 187
158 159
158 186
158 187
159 160
159 187
161 162
162 163
163 164
164 165
165 166
166 167
167 168
168 169
169 170
170 171
171 172
172 173
173 174
174 175
175 176
176 177
177 178
178 179
179 180
180 181
181 182
182 183
183 184
184 185
185 186
186 187
