96 336
1 2
1 16
1 17
1 18
1 32
2 3
2 17
2 18
2 19
3 4
3 18
3 19
3 20
4 5
4 19
4 20
4 21
5 6
5 20
5 21
5 22
6 7
6 21
6 22
6 23
7 8
7 22
7 23
7 24
8 9
8 23
8 24
8 25
9 10
9 24
9 25
9 26
10 11
10 25
10 26
10 27
11 12
11 26
11 27
11 28
12 13
12 27
12 28
12 29
13 14
13 28
13 29
13 30
14 15
14 29
14 30
14 31
15 16
15 30
15 31
15 32
16 17
16 31
16 32
17 18
17 32
17 33
17 34
17 48
18 19
18 33
18 34
18 35
19 20
19 34
19 35
19 36
20 21
20 35
20 36
20 37
21 22
21 36
21 37
21 38
22 23
22 37
22 38
22 39
23 24
23 38
23 39
23 40
24 25
24 39
24 40
24 41
25 26
25 40
25 41
25 42
26 27
26 41
26 42
26 43
27 28
27 42
27 43
27 44
28 29
28 43
28 44
28 45
29 30
29 44
29 45
29 46
30 31
30 45
30 46
30 47
31 32
31 46
31 47
31 48
32 33
32 47
32 48
33 34
33 48
33 49
33 50
33 64
34 35
34 49
34 50
34 51
35 36
35 50
35 51
35 52
36 37
36 51
36 52
36 53
37 38
37 52
37 53
37 54
38 39
38 53
38 54
38 55
39 40
39 54
39 55
39 56
40 41
40 55
40 56
40 57
41 42
41 56
41 57
41 58
42 43
42 57
42 58
42 59
43 44
43 58
43 59
43 60
44 45
44 59
44 60
44 61
45 46
45 60
45 61
45 62
46 47
46 61
46 62
46 63
47 48
47 62
47 63
47 64
48 49
48 63
48 64
49 50
49 64
49 65
49 66
49 80
50 51
50 65
50 66
50 67
51 52
51 66
51 67
51 68
52 53
52 67
52 68
52 69
53 54
53 68
53 69
53 70
54 55
54 69
54 70
54 71
55 56
55 70
55 71
55 72
56 57
56 71
56 72
56 73
57 58
57 72
57 73
57 74
58 59
58 73
58 74
58 75
59 60
59 74
59 75
59 76
60 61
60 75
60 76
60 77
61 62
61 76
61 77
61 78
62 63
62 77
62 78
62 79
63 64
63 78
63 79
63 80
64 65
64 79
64 80
65 66
65 80
65 81
65 82
65 96
66 67
66 81
66 82
66 83
67 68
67 82
67 83
67 84
68 69
68 83
68 84
68 85
69 70
69 84
69 85
69 86
70 71
70 85
70 86
70 87
71 72
71 86
71 87
71 88
72 73
72 87
72 88
72 89
73 74
73 88
73 89
73 90
74 75
74 89
74 90
74 91
75 76
75 90
75 91
75 92
76 77
76 91
76 92
76 93
77 78
77 92
77 93
77 94
78 79
78 93
78 94
78 95
79 80
79 94
79 95
79 96
80 81
80 95
80 96
81 82
81 96
82 83
83 84
84 85
85 86
86 87
87 88
88 89
89 90
90 91
91 92
92 93
93 94
94 95
95 96
