61 248
1 14
1 16
1 20
1 24
1 25
2 4
2 14
2 15
2 21
2 22
2 26
2 27
2 28
3 4
3 16
3 17
3 31
3 32
3 33
3 35
3 36
4 5
4 7
4 14
4 15
4 16
4 17
4 21
4 22
4 25
4 26
4 27
4 28
4 29
4 31
4 32
4 33
4 34
4 35
4 36
4 37
4 38
4 41
5 7
5 8
5 15
5 23
5 28
5 29
5 30
5 34
5 37
5 38
5 39
5 43
6 7
6 17
6 18
6 40
6 41
6 42
6 44
6 45
7 8
7 10
7 17
7 18
7 34
7 36
7 37
7 38
7 39
7 40
7 41
7 42
7 43
7 44
7 45
7 46
7 47
7 50
8 10
8 11
8 38
8 39
8 43
8 46
8 47
8 48
8 52
9 10
9 18
9 19
9 49
9 50
9 51
9 53
9 54
10 11
10 13
10 18
10 19
10 43
10 45
10 46
10 47
10 48
10 49
10 50
10 51
10 52
10 53
10 54
10 55
10 56
10 59
11 13
11 47
11 48
11 52
11 55
11 56
11 57
11 61
12 13
12 19
12 58
12 59
12 60
13 19
13 52
13 54
13 55
13 56
13 57
13 58
13 59
13 60
13 61
14 16
14 20
14 21
14 24
14 25
14 26
14 27
14 32
15 22
15 23
15 27
15 28
15 29
15 30
15 34
16 20
16 24
16 25
16 26
16 31
16 32
16 33
17 33
17 35
17 36
17 37
17 40
17 41
17 42
18 42
18 44
18 45
18 46
18 49
18 50
18 51
19 51
19 53
19 54
19 55
19 58
19 59
19 60
20 24
20 25
21 26
21 27
22 27
22 28
23 29
23 30
24 25
25 26
25 32
26 27
26 32
27 28
28 29
28 34
29 30
29 34
31 32
31 33
32 33
33 35
33 36
34 37
34 38
35 36
36 37
36 41
37 38
37 41
38 39
38 43
39 43
40 41
40 42
41 42
42 44
42 45
43 46
43 47
44 45
45 46
45 50
46 47
46 50
47 48
47 52
48 52
49 50
49 51
50 51
51 53
51 54
52 55
52 56
53 54
54 55
54 59
55 56
55 59
56 57
56 61
57 61
58 59
58 60
59 60
