73 152
1 2
1 16
1 17
1 28
1 40
2 3
3 4
3 18
3 26
3 30
4 5
5 6
5 19
5 28
5 32
6 7
7 8
7 20
7 30
7 34
8 9
9 10
9 21
9 32
9 36
10 11
11 12
11 22
11 34
11 38
12 13
13 14
13 23
13 36
13 40
14 15
15 16
15 24
15 26
15 38
17 26
18 28
19 30
20 32
21 34
22 36
23 38
24 40
25 26
25 40
26 27
26 42
26 59
26 63
27 28
28 29
28 43
28 57
28 61
29 30
30 31
30 44
30 55
30 59
31 32
32 33
32 45
32 53
32 57
33 34
34 35
34 46
34 51
34 55
35 36
36 37
36 47
36 49
36 53
37 38
38 39
38 48
38 51
38 63
39 40
40 41
40 49
40 61
41 63
42 61
43 59
44 57
45 55
46 53
47 51
48 49
49 50
49 64
49 65
50 51
50 65
50 66
51 52
51 66
52 53
52 66
52 67
53 54
53 67
54 55
54 67
54 68
55 56
55 68
56 57
56 68
56 69
57 58
57 69
58 59
58 69
58 70
59 60
59 70
60 61
60 70
60 71
61 62
61 71
62 63
62 71
62 72
63 64
63 72
64 65
64 72
65 66
65 72
65 73
66 67
66 73
67 68
67 73
68 69
68 73
69 70
69 73
70 71
70 73
71 72
71 73
72 73
