54 124
1 2
1 3
2 3
3 4
3 5
3 7
3 10
4 5
4 7
4 15
4 34
4 35
4 36
4 45
4 48
5 6
5 7
6 7
6 8
6 9
7 10
7 13
7 14
7 15
7 16
7 17
7 34
7 35
7 36
7 45
7 46
8 9
9 11
9 12
11 12
11 13
12 13
13 14
13 15
14 15
15 16
15 17
16 17
16 18
16 19
18 19
18 20
18 22
18 25
18 26
19 20
19 21
20 21
20 22
20 25
20 26
21 23
21 24
21 25
21 26
21 27
21 28
21 29
22 23
22 24
22 25
22 26
23 24
23 25
25 26
27 28
27 29
27 31
27 33
28 29
28 30
28 31
28 32
29 50
29 54
30 31
30 32
31 32
31 33
32 34
32 35
32 37
32 40
33 52
33 54
34 35
34 36
35 36
36 37
36 38
36 41
36 44
37 38
37 39
37 40
37 41
37 44
38 39
39 41
39 42
41 42
41 43
41 44
42 43
43 46
43 47
45 46
45 48
46 47
47 48
47 49
49 50
49 51
50 51
50 54
51 52
51 53
52 53
52 54
