59 104
1 2
1 7
1 9
2 3
2 7
2 10
3 11
4 5
4 12
5 6
5 8
5 13
6 8
6 14
7 9
7 10
8 13
8 14
9 10
9 27
10 11
11 15
12 13
12 20
13 14
14 30
15 16
15 34
16 17
16 21
16 35
17 18
17 21
17 23
18 19
18 22
18 24
19 20
19 22
19 25
20 26
21 23
21 35
22 24
22 25
23 24
23 35
24 25
24 36
25 26
26 29
27 28
27 31
27 39
28 31
28 33
28 34
29 30
29 32
29 38
30 32
30 42
31 39
31 40
32 41
32 42
33 40
33 58
34 35
36 37
36 50
36 51
36 59
37 38
37 51
37 52
38 41
39 40
39 44
40 45
41 42
41 53
42 55
43 44
44 45
45 46
45 47
47 48
47 49
47 58
48 49
48 58
48 59
49 50
49 57
49 59
50 51
50 52
51 52
52 53
53 54
53 55
55 56
58 59
