66 127
1 2
2 3
2 11
2 12
3 4
3 12
3 13
4 5
4 13
4 14
5 6
5 14
5 15
6 7
6 15
6 16
7 8
7 16
7 17
8 9
8 17
8 18
9 10
9 18
9 19
10 19
10 20
10 22
11 12
12 13
13 14
14 15
15 16
16 17
17 18
18 19
19 20
20 22
20 38
21 65
22 23
22 38
23 24
23 38
23 39
24 25
24 39
24 40
25 26
25 40
25 41
26 27
26 41
26 42
27 28
27 42
27 43
28 43
28 44
28 58
28 64
29 30
29 45
29 65
29 66
30 31
30 45
30 46
31 32
31 46
31 47
32 33
32 47
32 48
33 34
33 48
33 49
34 35
34 49
34 50
35 36
35 50
35 51
36 51
36 52
36 53
37 65
37 66
38 39
39 40
40 41
41 42
42 43
43 44
44 64
45 46
45 66
46 47
47 48
48 49
49 50
50 51
51 52
52 53
52 59
53 54
53 59
54 55
54 59
54 60
55 56
55 60
55 61
56 57
56 61
56 62
57 58
57 62
57 63
58 63
58 64
59 60
60 61
61 62
62 63
63 64
65 66
