162 510
1 2
1 12
1 13
2 3
2 12
2 13
2 14
3 4
3 13
3 14
3 15
4 5
4 14
4 15
4 16
5 6
5 15
5 16
5 17
6 7
6 16
6 17
6 18
6 162
7 8
7 17
7 18
7 19
8 9
8 18
8 19
8 20
9 10
9 19
9 20
9 21
10 11
10 20
10 21
10 22
11 21
11 22
12 13
12 23
12 24
13 14
13 23
13 24
13 25
14 15
14 24
14 25
14 26
15 16
15 25
15 26
15 27
16 17
16 26
16 27
16 28
17 18
17 27
17 28
17 29
18 19
18 28
18 29
18 30
19 20
19 29
19 30
19 31
20 21
20 30
20 31
20 32
21 22
21 31
21 32
21 33
22 32
22 33
23 24
23 34
23 35
24 25
24 34
24 35
24 36
25 26
25 35
25 36
25 37
26 27
26 36
26 37
26 38
27 28
27 37
27 38
27 39
28 29
28 38
28 39
28 40
29 30
29 39
29 40
29 41
30 31
30 40
30 41
30 42
31 32
31 41
31 42
31 43
32 33
32 42
32 43
32 44
33 43
33 44
34 35
34 45
34 46
35 36
35 45
35 46
35 47
36 37
36 46
36 47
36 48
37 38
37 47
37 48
37 49
38 39
38 48
38 49
38 50
39 40
39 49
39 50
39 51
40 41
40 50
40 51
40 52
41 42
41 51
41 52
41 53
42 43
42 52
42 53
42 54
43 44
43 53
43 54
43 55
44 54
44 55
45 46
45 56
45 57
46 47
46 56
46 57
46 58
47 48
47 57
47 58
47 138
48 49
48 58
48 138
49 50
50 51
51 52
52 53
52 59
52 148
53 54
53 59
53 60
53 148
54 55
54 59
54 60
54 61
55 60
55 61
56 57
56 62
56 63
57 58
57 62
57 63
57 64
58 63
58 64
58 138
58 139
59 60
59 65
59 66
59 148
59 149
60 61
60 65
60 66
60 67
61 66
61 67
62 63
62 68
62 69
63 64
63 68
63 69
63 70
64 69
64 70
64 138
64 139
64 140
65 66
65 71
65 72
65 148
65 149
65 150
66 67
66 71
66 72
66 73
67 72
67 73
68 69
68 74
68 75
69 70
69 74
69 75
69 76
70 75
70 76
70 139
70 140
70 141
71 72
71 77
71 78
71 149
71 150
71 151
72 73
72 77
72 78
72 79
73 78
73 79
74 75
74 80
74 81
75 76
75 80
75 81
75 82
76 81
76 82
76 140
76 141
76 142
77 78
77 83
77 84
77 150
77 151
77 152
78 79
78 83
78 84
78 85
79 84
79 85
80 81
80 86
80 87
81 82
81 86
81 87
81 88
82 87
82 88
82 141
82 142
82 143
83 84
83 89
83 90
83 151
83 152
83 153
84 85
84 89
84 90
84 91
85 90
85 91
86 87
86 92
86 93
87 88
87 92
87 93
87 94
88 93
88 94
88 142
88 143
88 144
89 90
89 95
89 96
89 152
89 153
89 154
90 91
90 95
90 96
90 97
91 96
91 97
92 93
92 98
92 99
93 94
93 98
93 99
93 100
94 99
94 100
94 143
94 144
94 145
95 96
95 101
95 102
95 153
95 154
95 155
96 97
96 101
96 102
96 103
97 102
97 103
98 99
98 104
98 105
99 100
99 104
99 105
99 106
100 105
100 106
100 144
100 145
100 146
101 102
101 107
101 108
101 154
101 155
101 156
102 103
102 107
102 108
102 109
103 108
103 109
104 105
104 110
104 111
105 106
105 110
105 111
105 112
106 111
106 112
106 145
106 146
106 147
107 108
107 113
107 114
107 155
107 156
107 157
108 109
108 113
108 114
108 115
109 114
109 115
110 111
110 116
110 117
111 112
111 116
111 117
111 118
112 117
112 118
112 132
112 146
112 147
113 114
113 119
113 120
113 128
113 156
113 157
114 115
114 119
114 120
114 121
115 120
115 121
116 117
116 122
116 123
117 118
117 122
117 123
117 124
118 123
118 124
118 132
118 133
118 147
119 120
119 125
119 126
119 128
119 137
119 157
120 121
120 125
120 126
120 127
121 126
121 127
122 123
123 124
124 132
124 133
125 126
125 128
125 137
126 127
128 129
128 136
128 137
128 157
129 130
129 135
129 136
129 137
130 131
130 134
130 135
130 136
131 132
131 133
131 134
131 135
132 133
132 134
132 147
133 134
134 135
135 136
136 137
138 139
139 140
140 141
141 142
142 143
143 144
144 145
145 146
146 147
148 149
149 150
150 151
151 152
152 153
153 154
154 155
155 156
156 157
158 159
159 160
160 161
161 162
