209 767
1 2
1 15
1 16
1 17
2 3
2 16
2 19
2 20
2 21
3 4
3 20
3 21
3 22
3 170
4 5
4 21
4 22
4 23
5 6
5 22
5 23
5 24
6 7
6 23
6 24
6 25
7 8
7 24
7 25
7 26
7 48
7 49
7 50
7 140
7 146
7 152
7 153
7 174
8 9
8 25
8 26
8 27
8 48
8 49
8 140
8 141
8 186
9 10
9 26
9 27
9 28
10 11
10 27
10 28
10 29
11 12
11 28
11 29
11 30
11 63
11 139
11 190
11 194
12 13
12 29
12 30
12 31
13 14
13 30
13 31
13 32
14 18
14 31
14 32
14 33
14 198
15 16
15 17
15 51
15 67
16 17
16 19
16 20
16 35
17 19
17 35
17 51
17 67
17 70
18 32
18 33
18 66
18 86
19 20
19 35
19 36
20 21
20 35
20 36
20 37
21 22
21 36
21 37
21 38
21 172
22 23
22 37
22 38
22 39
23 24
23 38
23 39
23 40
24 25
24 39
24 40
24 41
25 26
25 40
25 41
25 42
25 50
26 27
26 41
26 42
26 43
26 188
27 28
27 42
27 43
27 44
28 29
28 43
28 44
28 45
29 30
29 44
29 45
29 46
29 139
29 192
29 196
30 31
30 34
30 45
30 46
31 32
31 33
31 34
31 46
31 200
32 33
32 34
33 34
33 66
33 85
33 86
34 46
34 84
34 85
34 86
35 36
35 67
35 70
35 71
36 37
36 70
36 71
36 72
37 38
37 71
37 72
37 73
38 39
38 72
38 73
38 74
39 40
39 73
39 74
39 75
40 41
40 74
40 75
40 76
41 42
41 50
41 75
41 76
41 77
42 43
42 76
42 77
42 80
43 44
43 47
43 77
43 80
43 81
44 45
44 47
44 81
44 82
44 83
45 46
45 82
45 83
45 84
46 83
46 84
46 85
47 80
47 81
47 82
48 49
48 50
48 57
48 58
48 141
48 147
48 152
48 153
48 154
49 57
49 58
49 140
49 141
49 142
50 57
50 76
51 52
51 67
51 87
51 88
52 53
52 71
53 54
53 68
53 72
53 171
53 178
54 55
54 68
55 56
55 68
55 69
55 74
56 57
56 69
57 58
57 59
57 60
57 69
57 76
57 142
57 148
57 153
57 154
57 155
57 175
57 182
58 59
58 60
58 77
58 141
58 142
58 143
59 60
59 78
59 89
59 90
59 91
59 143
59 149
59 154
59 155
59 156
60 61
60 79
60 89
60 90
60 142
60 143
60 144
60 187
60 202
61 62
61 80
62 63
62 81
63 64
63 83
63 139
63 191
63 195
64 65
64 84
65 66
65 85
65 86
66 85
66 86
66 92
66 93
66 199
66 206
67 70
67 87
67 88
67 94
68 72
68 73
68 74
69 74
69 75
69 76
70 71
70 88
70 94
70 95
71 72
71 94
71 95
71 96
72 73
72 95
72 96
72 97
72 173
72 180
73 74
73 96
73 97
73 98
74 75
74 97
74 98
74 99
75 76
75 78
75 98
75 99
75 100
76 77
76 78
76 79
77 78
77 79
77 80
78 79
78 91
78 99
78 100
78 101
79 80
79 100
79 101
79 102
79 189
79 204
80 81
80 101
80 102
80 103
81 82
81 102
81 103
81 104
82 83
82 103
82 104
82 105
83 84
83 104
83 105
83 138
83 139
83 193
83 197
84 85
84 105
84 106
84 138
85 86
85 93
85 106
85 138
85 201
85 208
86 92
86 93
86 106
87 88
87 107
87 122
88 94
88 107
88 122
88 123
89 90
89 91
89 113
89 114
89 144
89 150
89 155
89 156
89 157
90 113
90 114
90 143
90 144
90 145
91 100
91 113
91 129
92 93
92 121
92 137
93 106
93 121
93 136
93 137
94 95
94 122
94 123
94 124
95 96
95 123
95 124
95 125
96 97
96 124
96 125
96 126
97 98
97 125
97 126
97 127
98 99
98 126
98 127
98 128
99 100
99 127
99 128
99 129
100 101
100 128
100 129
100 130
101 102
101 129
101 130
101 131
102 103
102 130
102 131
102 132
103 104
103 131
103 132
103 133
104 105
104 132
104 133
104 134
105 133
105 134
105 135
105 138
106 135
106 136
106 137
106 138
107 108
107 122
108 109
108 122
108 123
108 124
108 125
109 110
109 124
109 125
109 126
109 179
110 111
110 125
110 126
110 127
111 112
111 126
111 127
111 128
112 113
112 127
112 128
112 129
113 114
113 128
113 129
113 130
113 145
113 151
113 156
113 157
113 183
114 115
114 129
114 130
114 131
114 144
114 145
114 203
115 116
115 130
115 131
115 132
116 117
116 131
116 132
116 133
117 118
117 132
117 133
117 134
118 119
118 133
118 134
118 135
119 120
119 134
119 135
119 136
120 121
120 135
120 136
120 137
121 136
121 137
121 207
122 123
122 124
123 124
124 125
125 126
125 181
126 127
127 128
128 129
129 130
130 131
130 205
131 132
132 133
133 134
134 135
134 138
135 136
135 138
136 137
136 138
136 209
140 141
140 146
140 147
140 152
141 142
141 146
141 147
141 148
141 153
142 143
142 147
142 148
142 149
142 154
143 144
143 148
143 149
143 150
143 155
144 145
144 149
144 150
144 151
144 156
145 150
145 151
145 157
146 147
146 152
146 158
146 159
146 164
147 148
147 153
147 158
147 159
147 160
147 165
148 149
148 154
148 159
148 160
148 161
148 166
149 150
149 155
149 160
149 161
149 162
149 167
150 151
150 156
150 161
150 162
150 163
150 168
151 157
151 162
151 163
151 169
152 153
152 158
152 164
152 165
153 154
153 159
153 164
153 165
153 166
154 155
154 160
154 165
154 166
154 167
155 156
155 161
155 166
155 167
155 168
156 157
156 162
156 167
156 168
156 169
157 163
157 168
157 169
158 159
158 164
158 165
159 160
159 164
159 165
159 166
160 161
160 165
160 166
160 167
161 162
161 166
161 167
161 168
162 163
162 167
162 168
162 169
163 168
163 169
164 165
165 166
166 167
167 168
168 169
170 171
170 172
170 174
170 176
171 172
171 173
171 174
171 175
172 173
172 176
172 177
173 175
173 177
174 175
174 176
174 177
175 177
176 177
178 179
178 180
178 182
178 184
179 180
179 181
179 182
179 183
180 181
180 184
180 185
181 183
181 185
182 183
182 184
182 185
183 185
184 185
186 187
186 188
186 190
186 192
187 188
187 189
187 190
187 191
188 189
188 192
188 193
189 191
189 193
190 191
190 192
190 193
191 193
192 193
194 195
194 196
194 198
194 200
195 196
195 197
195 198
195 199
196 197
196 200
196 201
197 199
197 201
198 199
198 200
198 201
199 201
200 201
202 203
202 204
202 206
202 208
203 204
203 205
203 206
203 207
204 205
204 208
204 209
205 207
205 209
206 207
206 208
206 209
207 209
208 209
