245 608
1 2
1 3
1 4
2 3
3 4
3 5
4 5
4 6
5 6
5 7
5 25
5 27
5 28
5 29
5 30
6 7
6 8
6 26
6 28
6 29
6 30
7 8
7 9
8 9
8 10
8 12
8 29
8 30
9 10
9 29
9 30
10 11
10 12
11 12
11 13
11 29
11 30
11 32
11 33
11 34
12 13
12 14
12 29
12 30
12 33
12 35
13 14
13 15
14 15
14 16
14 18
15 16
16 17
16 18
17 18
17 19
17 34
17 36
17 37
17 38
17 39
18 19
18 21
18 35
18 37
18 38
18 39
19 20
19 21
20 21
20 22
20 38
20 39
21 22
21 24
21 38
21 39
22 23
22 24
23 24
23 38
23 39
23 41
23 42
23 45
24 38
24 39
24 42
24 46
25 27
25 28
26 28
27 28
27 29
27 30
27 47
27 54
28 29
28 30
28 47
28 54
29 30
29 31
29 32
29 33
30 32
30 33
32 33
32 34
32 48
32 58
33 34
33 35
33 48
33 58
34 36
34 37
35 37
36 37
36 38
36 39
36 49
36 64
37 38
37 39
37 49
37 64
38 39
38 40
38 41
38 42
39 41
39 42
41 42
41 43
41 44
41 45
42 43
42 44
42 46
43 44
43 45
43 46
43 50
43 68
44 45
44 46
44 50
44 68
45 46
45 68
45 90
46 50
46 68
46 69
46 91
46 130
47 48
47 54
47 55
47 78
48 58
48 59
49 50
49 64
49 65
49 91
50 68
50 69
51 52
51 53
51 73
52 53
52 55
52 74
53 54
53 55
54 55
54 56
54 57
54 73
54 74
55 56
55 57
55 74
56 57
56 58
56 59
56 75
56 76
57 58
57 59
57 75
57 76
58 59
58 60
58 77
58 78
59 60
59 62
59 78
60 61
60 62
61 62
61 63
61 77
61 85
62 63
62 65
62 78
62 86
63 64
63 65
64 65
64 66
64 67
64 85
64 86
65 66
65 67
65 86
66 67
66 68
66 69
66 88
66 89
67 68
67 69
67 88
67 89
68 69
68 90
68 91
69 91
70 72
71 72
71 74
72 73
72 74
73 74
73 75
73 76
73 94
73 96
74 75
74 76
74 95
74 97
75 76
75 77
75 78
76 77
76 78
77 78
77 79
77 80
77 81
78 79
78 80
78 82
79 82
79 83
80 81
80 97
81 96
81 97
82 83
82 84
82 86
83 84
84 85
84 86
85 86
85 87
85 88
85 89
85 96
85 98
86 87
86 88
86 89
86 97
87 99
88 89
88 90
88 91
89 90
89 91
90 91
90 92
90 93
91 92
92 93
92 99
93 98
93 99
94 95
94 96
95 96
95 97
96 97
96 98
96 107
96 133
96 138
97 98
97 99
97 133
97 135
97 137
98 99
98 100
98 102
98 103
98 109
99 101
99 103
99 137
99 138
100 102
100 138
101 103
101 137
101 139
102 103
102 120
102 138
102 139
102 140
102 160
103 116
103 139
103 140
103 161
104 105
104 109
104 110
104 111
104 219
105 106
105 142
106 107
106 143
107 108
108 109
108 144
109 110
109 111
109 145
109 217
109 218
110 111
110 217
110 218
110 219
111 210
111 218
111 219
112 113
113 114
114 115
114 173
114 177
115 116
116 117
117 118
117 148
117 149
117 150
117 176
118 119
118 173
118 177
119 120
120 121
121 122
122 123
122 181
122 184
123 124
123 150
123 151
123 182
124 125
125 126
125 181
125 184
126 127
127 128
128 129
129 146
131 132
132 133
132 134
132 135
133 134
133 136
133 143
134 135
135 136
135 137
135 158
136 157
136 158
137 139
138 139
138 147
138 160
138 191
138 193
139 159
139 160
139 161
139 193
139 194
140 160
140 161
141 142
142 143
143 166
144 145
144 147
145 170
146 188
147 169
148 149
148 150
148 152
148 153
148 176
149 151
149 152
149 153
149 176
150 151
150 152
150 153
150 182
151 152
151 153
151 176
151 182
152 153
153 154
155 157
156 158
157 158
157 165
157 191
158 159
158 191
158 192
159 192
159 194
160 161
160 179
160 193
160 195
161 175
161 194
161 195
161 196
162 163
162 201
163 164
163 202
164 165
164 203
165 166
166 167
167 168
167 205
168 169
168 206
169 170
169 208
170 209
171 172
172 173
173 174
174 175
175 176
176 177
177 178
178 179
179 180
180 181
181 182
182 183
183 184
184 185
185 186
186 187
187 188
189 191
189 192
190 192
191 192
191 193
191 194
191 197
191 199
191 203
191 228
191 229
192 194
192 197
192 198
192 230
193 194
193 195
193 196
193 199
193 206
194 196
194 199
194 200
195 196
197 198
197 212
197 222
197 224
197 228
198 222
198 223
199 200
199 214
199 229
200 229
200 230
201 202
202 204
202 211
203 204
204 205
204 213
205 207
206 207
207 208
207 215
208 209
208 216
209 217
210 211
210 217
210 218
210 219
211 212
212 213
213 214
214 215
215 216
216 217
217 218
217 219
218 219
220 222
221 222
221 223
222 223
222 224
222 234
222 243
223 224
223 226
223 234
223 235
223 244
224 227
224 228
225 226
225 239
226 227
227 228
227 230
228 229
228 230
229 230
229 243
230 243
230 244
231 232
231 234
231 235
232 234
232 235
233 235
234 235
234 236
235 236
235 237
236 237
236 238
237 238
237 240
237 241
238 239
238 240
238 241
239 240
239 245
240 241
240 242
241 242
241 244
242 243
242 244
243 244
