42 239
1 2
1 10
1 11
1 19
1 20
1 25
1 26
1 27
2 3
2 4
2 10
2 11
2 12
2 13
2 19
2 20
2 21
2 22
2 25
2 26
2 27
2 28
2 29
2 30
3 4
3 11
3 12
3 13
3 20
3 21
3 22
3 28
3 29
3 30
4 5
4 6
4 11
4 12
4 13
4 14
4 15
4 20
4 21
4 22
4 23
4 24
4 28
4 29
4 30
4 31
4 32
4 33
5 6
5 13
5 14
5 15
5 22
5 23
5 24
5 31
5 32
5 33
6 7
6 8
6 13
6 14
6 15
6 16
6 17
6 22
6 23
6 24
6 31
6 32
6 33
6 34
6 35
6 36
6 40
6 41
7 8
7 15
7 16
7 17
7 24
7 34
7 35
7 36
7 40
7 41
8 9
8 15
8 16
8 17
8 18
8 24
8 34
8 35
8 36
8 37
8 38
8 39
8 40
8 41
8 42
9 17
9 18
9 37
9 38
9 39
9 41
9 42
10 11
10 19
10 20
10 25
10 26
10 27
11 12
11 13
11 19
11 20
11 21
11 22
11 26
11 27
11 28
11 29
11 30
12 13
12 20
12 21
12 22
12 28
12 29
12 30
13 14
13 15
13 20
13 21
13 22
13 23
13 24
13 28
13 29
13 30
13 31
13 32
13 33
14 15
14 22
14 23
14 24
14 31
14 32
14 33
15 16
15 22
15 23
15 24
15 31
15 32
15 34
15 35
15 36
15 40
15 41
16 17
16 24
16 35
16 36
16 40
16 41
17 18
17 24
17 34
17 35
17 36
17 37
17 38
17 39
17 40
17 41
17 42
18 37
18 38
18 39
18 41
18 42
19 20
19 25
19 26
19 27
20 21
20 22
20 25
20 26
20 27
20 28
20 29
20 30
21 22
21 28
21 29
21 30
22 23
22 24
22 28
22 29
22 30
22 31
22 32
22 33
23 24
23 31
23 32
23 33
24 31
24 32
24 33
24 34
24 35
24 36
24 40
24 41
34 40
34 41
35 40
35 41
36 40
36 41
37 41
37 42
38 41
38 42
39 41
39 42
40 41
41 42
