62 144
1 28
1 41
1 19
1 18
1 17
1 16
1 15
1 14
1 11
1 5
1 4
1 6
1 2
1 3
2 30
2 20
2 19
2 13
2 12
2 5
2 6
2 3
3 29
3 42
3 41
3 20
3 21
3 22
3 23
3 24
3 25
3 26
3 27
3 11
3 6
4 9
4 7
4 8
4 6
4 5
5 13
5 12
5 9
5 8
5 6
6 13
6 11
6 9
7 10
7 8
7 9
8 10
8 9
9 10
10 52
12 13
14 15
15 16
16 17
17 18
18 19
20 21
21 22
22 23
23 24
24 25
25 26
26 27
28 42
28 43
28 35
28 34
28 33
28 32
28 31
28 30
28 29
29 42
29 36
29 35
29 30
30 39
30 38
30 37
30 36
31 32
31 40
32 40
32 33
33 40
33 34
34 40
34 35
35 37
35 38
35 39
35 40
35 36
36 37
37 38
38 39
39 40
41 49
41 48
41 42
41 43
42 47
42 51
42 43
43 50
43 44
44 50
44 48
44 45
45 46
46 47
47 51
47 49
48 49
50 51
52 53
52 59
52 58
52 60
52 57
53 54
53 59
54 61
54 55
54 59
55 61
55 56
55 58
55 59
56 61
56 62
56 57
56 58
57 62
57 58
57 60
58 59
58 60
61 62
