65 125
1 8
1 19
1 32
2 37
2 40
2 50
2 65
3 11
3 26
3 31
3 57
4 17
4 25
4 60
4 62
5 13
5 23
5 31
5 34
5 58
6 17
6 28
7 8
7 16
7 19
7 42
8 25
8 62
9 10
9 14
9 17
9 28
9 60
10 35
10 54
11 47
11 57
11 64
12 23
12 26
12 43
12 56
13 23
13 29
13 63
14 22
14 35
14 46
14 59
15 20
15 34
15 43
15 53
15 61
16 36
17 22
18 19
18 24
18 32
18 42
18 52
19 36
19 38
20 47
20 53
20 56
21 35
21 46
22 48
22 62
23 43
24 38
24 41
26 31
26 56
27 37
27 44
27 61
27 63
28 54
29 33
29 45
29 63
29 65
30 32
30 46
30 52
30 59
31 58
32 48
32 62
33 37
33 49
34 45
34 54
36 49
37 44
37 65
38 49
39 44
39 50
39 53
39 64
40 50
40 51
40 57
41 52
42 55
42 62
43 61
44 53
45 51
45 58
45 65
46 48
47 56
47 64
50 64
51 57
51 58
52 55
55 59
59 60
59 62
61 63
