111 193
1 10
1 25
1 27
1 28
1 32
1 34
1 35
1 38
1 39
1 42
1 43
1 44
1 45
1 46
1 52
1 53
1 54
1 58
1 59
1 60
1 61
1 64
1 65
1 68
1 69
1 71
1 72
1 76
1 77
1 82
1 83
1 84
1 86
1 89
1 91
1 92
1 93
1 94
1 96
1 100
1 103
1 104
1 105
1 106
1 108
1 110
1 111
2 57
2 73
3 18
3 30
3 74
3 99
4 10
4 29
4 38
4 50
4 52
4 58
4 62
4 76
4 77
4 79
4 86
4 96
4 105
5 19
5 40
5 55
5 56
5 79
5 81
6 29
6 34
6 35
6 45
6 47
6 53
6 69
6 83
6 84
6 103
7 19
7 40
7 56
7 80
8 11
8 20
8 21
8 51
8 67
8 70
8 80
8 87
8 101
8 102
9 25
9 27
9 32
9 39
9 42
9 43
9 44
9 46
9 47
9 50
9 54
9 59
9 60
9 61
9 62
9 64
9 65
9 68
9 71
9 72
9 82
9 84
9 89
9 91
9 92
9 93
9 94
9 96
9 100
9 104
9 106
9 108
9 110
9 111
11 12
12 20
12 21
12 51
12 67
12 70
12 87
12 101
12 102
13 22
13 24
13 49
13 55
13 63
13 78
13 81
13 98
14 24
14 26
14 41
14 48
14 63
14 66
14 75
14 81
14 88
14 95
14 97
14 109
15 90
15 107
16 22
16 26
16 41
16 48
16 49
16 55
16 56
16 66
16 75
16 78
16 81
16 88
16 95
16 97
16 98
16 109
17 18
17 28
17 57
17 73
17 99
23 57
23 74
23 85
30 31
31 107
33 85
33 90
35 36
35 37
36 81
37 81
