180 228
1 2
1 139
2 25
2 32
2 46
2 146
2 159
3 4
3 20
4 17
4 19
4 21
4 29
4 32
4 35
4 37
4 39
4 41
4 48
4 61
4 97
4 100
4 118
4 119
4 120
4 146
4 157
4 161
4 162
4 178
5 6
5 51
7 8
8 11
8 23
8 26
8 31
8 33
8 46
8 52
8 57
8 66
8 70
8 75
8 77
8 79
8 91
8 95
8 105
8 113
8 124
8 127
8 148
8 150
8 151
8 152
8 153
8 159
8 174
9 10
9 139
10 100
11 12
13 14
13 139
14 31
14 47
14 118
14 146
14 159
15 16
15 20
16 159
17 18
18 65
18 99
18 112
18 123
19 20
20 25
20 26
20 27
20 43
20 47
20 71
20 81
20 86
20 103
20 107
20 117
20 123
20 132
20 134
20 135
20 138
20 146
20 155
20 159
20 160
20 173
21 22
22 54
22 146
23 24
27 28
28 159
29 30
30 43
30 84
30 101
30 126
33 34
35 36
37 38
38 161
39 40
41 42
44 45
44 139
48 49
49 85
49 146
50 51
50 139
51 63
51 65
51 70
51 82
51 88
51 101
51 109
51 117
51 120
51 121
51 140
51 146
51 159
51 163
51 164
51 165
51 166
51 176
52 53
54 139
55 56
55 139
57 58
59 60
59 139
61 62
62 111
62 146
63 64
64 163
66 67
68 69
68 139
71 72
73 74
73 129
75 76
76 90
76 119
76 146
77 78
79 80
81 139
82 83
83 155
84 129
85 139
86 87
88 89
89 166
90 139
91 92
93 94
93 133
95 96
97 98
98 102
98 146
99 129
102 139
103 104
105 106
107 108
109 110
110 165
111 139
112 139
113 114
115 116
115 139
121 122
124 125
126 139
127 128
129 130
129 131
129 160
129 179
130 156
131 171
132 133
133 134
133 135
133 177
136 137
136 139
138 139
139 142
139 144
139 145
139 146
139 147
139 167
140 141
142 143
145 172
146 175
148 149
151 154
153 180
157 158
159 168
159 169
159 170
