32 90
1 2
1 3
1 4
1 6
1 7
1 8
1 10
1 19 
1 26
2 3
2 9
2 11
2 15 
2 21
2 23 
2 28
3 4
3 5
3 6
3 7
3 8
3 9
3 14 
3 21 
3 29
4 5
4 12
4 16 
4 17 
5 23
5 27
5 29
6 12
6 16
6 18 
6 25 
7 9
7 14
7 21
7 31
8 12
8 17
8 20 
8 27
9 10
9 13
9 19
9 23
9 27
9 28 
10 11
10 18 
10 21
10 23
10 25
10 27
11 13 
11 15
11 18
11 22 
11 29
12 24
12 30 
13 26
13 31 
14 31 
15 20
15 25 
16 17
16 20 
16 22
17 23 
17 30 
18 20
18 25 
18 26 
18 30
19 26
21 32
21 23 
22 26 
23 30 
24 25 
24 26
24 27 
24 32 
26 27 
27 29 
28 32 
29 32
