59 281
1 6
1 44
2 45
2 7
3 46
3 8
4 47
4 9
5 48
5 10
6 11
6 16
7 12
7 17
8 13
8 18
9 14
9 19
10 15
10 20
11 12
11 13
11 14
11 15
11 31
12 13
12 21
12 22
12 23
12 24
12 25
13 14
13 21
13 22
13 23
13 24
13 25
14 15
14 21
14 22
14 23
14 24
14 25
15 16
15 21
15 22
15 23
15 24
15 25
16 21
16 22
16 23
16 24
16 25
16 28
16 29
16 30
16 31
16 32
16 33
16 34
16 35
16 36
16 37
17 21
17 22
17 23
17 24
17 25
17 26
17 28
17 29
17 30
17 31
17 32
17 33
17 34
17 35
17 36
17 37
18 21
18 22
18 23
18 24
18 25
18 27
18 28
18 29
18 30
18 31
18 32
18 33
18 34
18 35
18 36
18 37
19 21
19 22
19 23
19 24
19 25
19 28
19 29
19 30
19 31
19 32
19 33
19 34
19 35
19 36
19 37
20 21
20 22
20 23
20 24
20 25
20 28
20 29
20 30
20 31
20 32
20 33
20 34
20 35
20 36
20 37
21 22
21 23
21 24
21 25
21 30
22 23
22 32
22 37
23 24
23 33
23 38
24 25
24 34
24 39
25 26
25 35
25 40
26 36
26 41
26 50
26 51
26 52
26 53
26 54
26 55
26 56
26 57
26 58
26 59
27 42
27 43
27 44
27 45
27 46
27 47
27 50
27 51
27 52
27 53
27 54
27 55
27 56
27 57
27 58
27 59
28 42
28 50
28 51
28 52
28 53
28 54
28 55
28 56
28 57
28 58
28 59
29 43
29 50
29 51
29 52
29 53
29 54
29 55
29 56
29 57
29 58
29 59
30 44
30 50
30 51
30 52
30 53
30 54
30 55
30 56
30 57
30 58
30 59
31 45
32 46
32 49
32 50
33 37
33 49
33 51
34 38
34 49
34 52
35 39
35 49
35 53
36 40
36 49
36 54
37 41
38 48
38 49
38 50
38 51
38 52
39 42
39 43
39 44
39 45
39 46
39 48
39 53
40 42
40 43
40 44
40 45
40 46
40 53
41 42
41 43
41 44
41 45
41 46
41 49
41 53
42 43
42 44
42 45
42 46
42 47
42 48
42 50
42 53
43 44
43 45
43 46
43 47
43 48
43 51
43 53
44 45
44 46
44 47
44 48
44 53
45 46
45 47
45 48
45 53
46 47
46 48
46 53
47 53
48 53
49 59
54 55
55 56
56 57
57 58
58 59
