265 744
1 2
1 12
1 235
1 236
1 242
1 250
2 3
2 12
2 13
2 250
2 257
3 4
3 13
3 14
3 257
3 259
4 5
4 6
4 14
4 256
4 259
5 6
5 256
6 7
6 14
7 8
7 14
7 15
8 9
8 10
8 15
9 10
9 260
10 11
10 15
10 260
10 265
11 12
11 13
11 15
11 264
11 265
12 13
12 242
12 264
13 14
13 15
14 15
16 17
16 27
16 155
17 18
17 27
17 28
18 19
18 28
18 29
19 20
19 21
19 29
20 21
20 31
20 41
20 51
21 22
21 29
21 31
21 38
22 23
22 29
22 30
22 38
22 40
23 24
23 25
23 30
23 37
23 40
24 25
24 37
24 135
24 145
24 149
25 26
25 30
25 149
25 157
26 27
26 28
26 30
26 156
26 157
27 28
27 155
27 156
28 29
28 30
29 30
31 32
31 38
31 41
31 48
32 33
32 38
32 39
32 48
32 50
33 34
33 35
33 39
33 47
33 50
34 35
34 47
34 93
34 119
34 129
35 36
35 39
35 129
35 137
36 37
36 39
36 40
36 136
36 137
37 40
37 135
37 136
38 39
38 40
39 40
41 42
41 48
41 51
41 58
42 43
42 48
42 49
42 58
42 60
43 44
43 45
43 49
43 57
43 60
44 45
44 57
44 67
44 77
44 87
45 46
45 49
45 87
45 94
46 47
46 49
46 50
46 94
46 96
47 50
47 93
47 96
48 49
48 50
49 50
51 52
51 58
52 53
52 58
52 59
53 54
53 55
53 59
54 55
54 61
55 56
55 59
55 61
55 68
56 57
56 59
56 60
56 68
56 70
57 60
57 67
57 70
58 59
58 60
59 60
61 62
61 68
62 63
62 68
62 69
63 64
63 65
63 69
64 65
64 71
65 66
65 69
65 71
65 79
66 67
66 69
66 70
66 78
66 79
67 70
67 77
67 78
68 69
68 70
69 70
71 72
71 79
72 73
72 79
72 80
73 74
73 75
73 80
74 75
74 81
74 97
75 76
75 80
75 81
75 89
76 77
76 78
76 80
76 88
76 89
77 78
77 87
77 88
78 79
78 80
79 80
81 82
81 89
81 97
81 105
82 83
82 89
82 90
82 104
82 105
83 84
83 85
83 90
83 103
83 104
84 85
84 91
84 103
84 113
85 86
85 90
85 91
85 95
86 87
86 88
86 90
86 94
86 95
87 88
87 94
88 89
88 90
89 90
91 92
91 95
91 113
91 121
92 93
92 95
92 96
92 120
92 121
93 96
93 119
93 120
94 95
94 96
95 96
97 98
97 105
98 99
98 105
98 106
99 100
99 101
99 106
100 101
100 107
100 191
101 102
101 106
101 107
101 115
102 103
102 104
102 106
102 114
102 115
103 104
103 113
103 114
104 105
104 106
105 106
107 108
107 115
107 191
107 195
108 109
108 115
108 116
108 194
108 195
109 110
109 111
109 116
109 181
109 194
110 111
110 117
110 123
110 175
110 181
111 112
111 116
111 117
111 122
112 113
112 114
112 116
112 121
112 122
113 114
113 121
114 115
114 116
115 116
117 118
117 122
117 123
117 131
118 119
118 120
118 122
118 130
118 131
119 120
119 129
119 130
120 121
120 122
121 122
123 124
123 131
123 175
123 179
124 125
124 131
124 132
124 178
124 179
125 126
125 127
125 132
125 165
125 178
126 127
126 133
126 139
126 165
127 128
127 132
127 133
127 138
128 129
128 130
128 132
128 137
128 138
129 130
129 137
130 131
130 132
131 132
133 134
133 138
133 139
133 147
134 135
134 136
134 138
134 146
134 147
135 136
135 145
135 146
136 137
136 138
137 138
139 140
139 147
139 165
139 172
140 141
140 147
140 148
140 172
140 174
141 142
141 143
141 148
141 171
141 174
142 143
142 159
142 171
142 219
142 238
143 144
143 148
143 159
143 163
144 145
144 146
144 148
144 162
144 163
145 146
145 149
145 162
146 147
146 148
147 148
149 150
149 157
149 162
150 151
150 157
150 158
150 162
150 164
151 152
151 153
151 158
151 161
151 164
152 153
152 161
152 244
152 262
153 154
153 158
154 155
154 156
154 158
155 156
156 157
156 158
157 158
159 160
159 163
159 238
159 246
160 161
160 163
160 164
160 245
160 246
161 164
161 244
161 245
162 163
162 164
163 164
165 166
165 172
165 178
166 167
166 172
166 173
166 178
166 180
167 168
167 169
167 173
167 177
167 180
168 169
168 177
168 187
168 203
168 213
169 170
169 173
169 213
169 221
170 171
170 173
170 174
170 220
170 221
171 174
171 219
171 220
172 173
172 174
173 174
175 176
175 179
175 181
175 188
176 177
176 179
176 180
176 188
176 190
177 180
177 187
177 190
178 179
178 180
179 180
181 182
181 188
181 194
182 183
182 188
182 189
182 194
182 196
183 184
183 185
183 189
183 193
183 196
184 185
184 193
184 197
185 186
185 189
185 197
185 205
186 187
186 189
186 190
186 204
186 205
187 190
187 203
187 204
188 189
188 190
189 190
191 192
191 195
192 193
192 195
192 196
193 196
194 195
194 196
195 196
197 198
197 205
198 199
198 205
198 206
199 200
199 201
199 206
200 201
200 207
200 223
201 202
201 206
201 207
201 215
202 203
202 204
202 206
202 214
202 215
203 204
203 213
203 214
204 205
204 206
205 206
207 208
207 215
207 223
207 231
208 209
208 215
208 216
208 230
208 231
209 210
209 211
209 216
209 229
209 230
210 211
210 217
210 229
210 233
211 212
211 216
211 217
211 222
212 213
212 214
212 216
212 221
212 222
213 214
213 221
214 215
214 216
215 216
217 218
217 222
217 233
217 240
218 219
218 220
218 222
218 239
218 240
219 220
219 238
219 239
220 221
220 222
221 222
223 224
223 231
224 225
224 231
224 232
225 226
225 227
225 232
226 227
226 248
226 254
227 228
227 232
227 248
227 252
228 229
228 230
228 232
228 251
228 252
229 230
229 233
229 251
230 231
230 232
231 232
233 234
233 240
233 251
234 235
234 240
234 241
234 251
234 253
235 236
235 241
235 250
235 253
236 237
236 241
236 242
236 247
237 238
237 239
237 241
237 246
237 247
238 239
238 246
239 240
239 241
240 241
242 243
242 247
242 264
243 244
243 245
243 247
243 263
243 264
244 245
244 262
244 263
245 246
245 247
246 247
248 249
248 252
248 254
248 258
249 250
249 252
249 253
249 257
249 258
250 253
250 257
251 252
251 253
252 253
254 255
254 258
255 256
255 258
255 259
256 259
257 258
257 259
258 259
260 261
260 265
261 262
261 263
261 265
262 263
263 264
263 265
264 265
