100 247
1 2
1 3
1 13
1 14
2 12
2 13
2 14
3 5
4 14
5 7
5 13
5 14
5 17
5 18
6 13
6 14
6 16
6 17
6 18
7 9
8 18
9 10
9 17
9 18
10 17
10 18
10 20
11 12
11 13
11 23
11 24
12 22
12 23
12 24
13 15
14 24
15 17
15 23
15 24
15 27
15 28
16 23
16 24
16 26
16 27
16 28
17 19
18 28
19 20
19 27
19 28
20 27
20 28
20 30
21 22
21 23
21 33
21 34
22 32
22 33
22 34
23 25
24 34
25 27
25 33
25 34
25 37
25 38
26 33
26 34
26 36
26 37
26 38
27 29
28 38
29 30
29 37
29 38
30 37
30 38
30 40
31 32
31 33
31 43
31 44
32 42
32 43
32 44
33 35
34 44
35 37
35 43
35 44
35 47
35 48
36 43
36 44
36 46
36 47
36 48
37 39
38 48
39 40
39 47
39 48
40 47
40 48
40 50
41 42
41 43
41 53
41 54
42 52
42 53
42 54
43 45
44 54
45 47
45 53
45 54
45 57
45 58
46 53
46 54
46 56
46 57
46 58
47 49
48 58
49 50
49 57
49 58
50 57
50 58
50 60
51 52
51 53
51 63
51 64
52 62
52 63
52 64
53 55
54 64
55 57
55 63
55 64
55 67
55 68
56 63
56 64
56 66
56 67
56 68
57 59
58 68
59 60
59 67
59 68
60 67
60 68
60 70
61 62
61 63
61 73
61 74
62 72
62 73
62 74
63 65
64 74
65 67
65 73
65 74
65 77
65 78
66 73
66 74
66 76
66 77
66 78
67 69
68 78
69 70
69 77
69 78
70 77
70 78
70 80
71 72
71 73
71 83
71 84
72 82
72 83
72 84
73 75
74 84
75 77
75 83
75 84
75 87
75 88
76 83
76 84
76 86
76 87
76 88
77 79
78 88
79 80
79 87
79 88
80 87
80 88
80 90
81 82
81 83
81 93
81 94
82 92
82 93
82 94
83 85
84 94
85 87
85 93
85 94
85 97
85 98
86 93
86 94
86 96
86 97
86 98
87 89
88 98
89 90
89 97
89 98
90 97
90 98
90 100
91 93
93 95
95 97
97 99
