200 460
1 2
1 3
1 21
2 4
2 22
3 4
3 5
3 23
4 6
4 24
5 6
5 7
5 25
6 8
6 26
7 8
7 9
7 27
8 10
8 28
9 10
9 11
9 29
10 12
10 30
11 12
11 13
11 31
12 14
12 32
13 14
13 15
13 33
14 16
14 34
15 16
15 17
15 35
16 18
16 36
17 18
17 19
17 37
18 20
18 38
19 20
19 39
20 40
21 22
21 23
21 41
22 24
22 42
23 24
23 25
23 43
24 26
24 44
25 26
25 27
25 45
26 28
26 46
27 28
27 29
27 47
28 30
28 48
29 30
29 31
29 49
30 32
30 50
31 32
31 33
31 51
32 34
32 52
33 34
33 35
33 53
34 36
34 54
35 36
35 37
35 55
36 38
36 56
37 38
37 39
37 57
38 40
38 58
39 40
39 59
40 60
41 42
41 43
41 61
42 44
42 62
43 44
43 45
43 63
44 46
44 64
45 46
45 47
45 65
46 48
46 66
47 48
47 49
47 67
48 50
48 68
49 50
49 51
49 69
50 52
50 70
51 52
51 53
51 71
52 54
52 72
53 54
53 55
53 73
54 56
54 74
55 56
55 57
55 75
56 58
56 76
57 58
57 59
57 77
58 60
58 78
59 60
59 79
60 80
61 62
61 63
61 81
62 64
62 82
63 64
63 65
63 83
64 66
64 84
65 66
65 67
65 85
66 68
66 86
67 68
67 69
67 87
68 70
68 88
69 70
69 71
69 89
70 72
70 90
71 72
71 73
71 91
72 74
72 92
73 74
73 75
73 93
74 76
74 94
75 76
75 77
75 95
76 78
76 96
77 78
77 79
77 97
78 80
78 98
79 80
79 99
80 100
81 82
81 83
81 101
82 84
82 102
83 84
83 85
83 103
84 86
84 104
85 86
85 87
85 105
86 88
86 106
87 88
87 89
87 107
88 90
88 108
89 90
89 91
89 109
90 92
90 110
91 92
91 93
91 111
92 94
92 112
93 94
93 95
93 113
94 96
94 114
95 96
95 97
95 115
96 98
96 116
97 98
97 99
97 117
98 100
98 118
99 100
99 119
100 120
101 102
101 103
101 121
102 104
102 122
103 104
103 105
103 123
104 106
104 124
105 106
105 107
105 125
106 108
106 126
107 108
107 109
107 127
108 110
108 128
109 110
109 111
109 129
110 112
110 130
111 112
111 113
111 131
112 114
112 132
113 114
113 115
113 133
114 116
114 134
115 116
115 117
115 135
116 118
116 136
117 118
117 119
117 137
118 120
118 138
119 120
119 139
120 140
121 122
121 123
121 141
122 124
122 142
123 124
123 125
123 143
124 126
124 144
125 126
125 127
125 145
126 128
126 146
127 128
127 129
127 147
128 130
128 148
129 130
129 131
129 149
130 132
130 150
131 132
131 133
131 151
132 134
132 152
133 134
133 135
133 153
134 136
134 154
135 136
135 137
135 155
136 138
136 156
137 138
137 139
137 157
138 140
138 158
139 140
139 159
140 160
141 142
141 143
141 161
142 144
142 162
143 144
143 145
143 163
144 146
144 164
145 146
145 147
145 165
146 148
146 166
147 148
147 149
147 167
148 150
148 168
149 150
149 151
149 169
150 152
150 170
151 152
151 153
151 171
152 154
152 172
153 154
153 155
153 173
154 156
154 174
155 156
155 157
155 175
156 158
156 176
157 158
157 159
157 177
158 160
158 178
159 160
159 179
160 180
161 162
161 163
161 181
162 164
162 182
163 164
163 165
163 183
164 166
164 184
165 166
165 167
165 185
166 168
166 186
167 168
167 169
167 187
168 170
168 188
169 170
169 171
169 189
170 172
170 190
171 172
171 173
171 191
172 174
172 192
173 174
173 175
173 193
174 176
174 194
175 176
175 177
175 195
176 178
176 196
177 178
177 179
177 197
178 180
178 198
179 180
179 199
180 200
181 182
181 183
182 184
183 184
183 185
184 186
185 186
185 187
186 188
187 188
187 189
188 190
189 190
189 191
190 192
191 192
191 193
192 194
193 194
193 195
194 196
195 196
195 197
196 198
197 198
197 199
198 200
199 200
