80 424
1 2
1 3
1 4
1 41
1 42
1 43
1 44
2 3
2 4
2 41
2 42
2 43
2 44
3 4
3 41
3 42
3 43
3 44
4 41
4 42
4 43
4 44
5 6
5 7
5 8
5 41
5 42
5 43
5 44
5 45
5 46
5 47
5 48
6 7
6 8
6 41
6 42
6 43
6 44
6 45
6 46
6 47
6 48
7 8
7 41
7 42
7 43
7 44
7 45
7 46
7 47
7 48
8 41
8 42
8 43
8 44
8 45
8 46
8 47
8 48
9 10
9 11
9 12
9 45
9 46
9 47
9 48
9 49
9 50
9 51
9 52
10 11
10 12
10 45
10 46
10 47
10 48
10 49
10 50
10 51
10 52
11 12
11 45
11 46
11 47
11 48
11 49
11 50
11 51
11 52
12 45
12 46
12 47
12 48
12 49
12 50
12 51
12 52
13 14
13 15
13 16
13 49
13 50
13 51
13 52
13 53
13 54
13 55
13 56
14 15
14 16
14 49
14 50
14 51
14 52
14 53
14 54
14 55
14 56
15 16
15 49
15 50
15 51
15 52
15 53
15 54
15 55
15 56
16 49
16 50
16 51
16 52
16 53
16 54
16 55
16 56
17 18
17 19
17 20
17 53
17 54
17 55
17 56
17 57
17 58
17 59
17 60
18 19
18 20
18 53
18 54
18 55
18 56
18 57
18 58
18 59
18 60
19 20
19 53
19 54
19 55
19 56
19 57
19 58
19 59
19 60
20 53
20 54
20 55
20 56
20 57
20 58
20 59
20 60
21 22
21 23
21 24
21 57
21 58
21 59
21 60
21 61
21 62
21 63
21 64
22 23
22 24
22 57
22 58
22 59
22 60
22 61
22 62
22 63
22 64
23 24
23 57
23 58
23 59
23 60
23 61
23 62
23 63
23 64
24 57
24 58
24 59
24 60
24 61
24 62
24 63
24 64
25 26
25 27
25 28
25 61
25 62
25 63
25 64
25 65
25 66
25 67
25 68
26 27
26 28
26 61
26 62
26 63
26 64
26 65
26 66
26 67
26 68
27 28
27 61
27 62
27 63
27 64
27 65
27 66
27 67
27 68
28 61
28 62
28 63
28 64
28 65
28 66
28 67
28 68
29 30
29 31
29 32
29 65
29 66
29 67
29 68
29 69
29 70
29 71
29 72
30 31
30 32
30 65
30 66
30 67
30 68
30 69
30 70
30 71
30 72
31 32
31 65
31 66
31 67
31 68
31 69
31 70
31 71
31 72
32 65
32 66
32 67
32 68
32 69
32 70
32 71
32 72
33 34
33 35
33 36
33 69
33 70
33 71
33 72
33 73
33 74
33 75
33 76
34 35
34 36
34 69
34 70
34 71
34 72
34 73
34 74
34 75
34 76
35 36
35 69
35 70
35 71
35 72
35 73
35 74
35 75
35 76
36 69
36 70
36 71
36 72
36 73
36 74
36 75
36 76
37 38
37 39
37 40
37 73
37 74
37 75
37 76
37 77
37 78
37 79
37 80
38 39
38 40
38 73
38 74
38 75
38 76
38 77
38 78
38 79
38 80
39 40
39 73
39 74
39 75
39 76
39 77
39 78
39 79
39 80
40 73
40 74
40 75
40 76
40 77
40 78
40 79
40 80
41 42
41 43
41 44
42 43
42 44
43 44
45 46
45 47
45 48
46 47
46 48
47 48
49 50
49 51
49 52
50 51
50 52
51 52
53 54
53 55
53 56
54 55
54 56
55 56
57 58
57 59
57 60
58 59
58 60
59 60
61 62
61 63
61 64
62 63
62 64
63 64
65 66
65 67
65 68
66 67
66 68
67 68
69 70
69 71
69 72
70 71
70 72
71 72
73 74
73 75
73 76
74 75
74 76
75 76
77 78
77 79
77 80
78 79
78 80
79 80
