57 127
1 2
1 8
1 9
1 11
1 12
1 14
1 43
1 44
1 45
2 8
2 9
2 11
2 12
2 14
2 43
2 44
2 45
3 4
3 14
5 6
5 11
5 12
5 46
6 7
6 11
6 12
6 46
8 9
8 15
10 11
10 12
10 44
11 12
11 13
11 44
12 13
12 46
13 46
16 18
16 30
17 30
18 43
18 44
19 20
19 21
19 22
19 29
19 30
19 31
20 21
20 22
20 29
20 30
20 31
21 22
21 23
21 29
22 23
22 29
23 24
23 29
24 25
24 29
25 26
25 29
26 27
26 29
27 28
27 29
28 29
30 31
32 33
32 34
32 35
32 42
32 43
32 44
33 34
33 35
33 42
33 43
33 44
34 35
34 36
34 42
35 36
35 42
36 37
36 42
37 38
37 42
38 39
38 42
39 40
39 42
40 41
40 42
41 42
43 44
45 46
45 47
45 48
46 47
46 48
47 48
47 49
47 50
47 57
48 49
48 50
48 57
49 50
49 51
49 57
50 51
50 57
51 52
51 57
52 53
52 57
53 54
53 57
54 55
54 57
55 56
55 57
56 57
